 pix dw 35,15,0
dw 40,14,0
dw 44,12,0
dw 47,9,0
dw 49,5,0
dw 50,0,0
dw 49,-5,0
dw 47,-9,0
dw 44,-12,0
dw 40,-14,0
dw 35,-15,0
dw 30,-14,0
dw 26,-12,0
dw 23,-9,0
dw 21,-5,0
dw 20,0,0
dw 21,5,0
dw 23,9,0
dw 26,12,0
dw 30,14,0
dw 35,15,0
dw 35,15,-4
dw 39,14,-4
dw 44,12,-5
dw 47,9,-5
dw 49,5,-5
dw 50,0,-5
dw 49,-5,-5
dw 47,-9,-5
dw 44,-12,-5
dw 39,-14,-4
dw 35,-15,-4
dw 30,-14,-3
dw 26,-12,-3
dw 23,-9,-2
dw 21,-5,-2
dw 20,0,-2
dw 21,5,-2
dw 23,9,-2
dw 26,12,-3
dw 30,14,-3
dw 35,15,-4
dw 34,15,-7
dw 39,14,-8
dw 43,12,-9
dw 46,9,-10
dw 48,5,-10
dw 49,0,-10
dw 48,-5,-10
dw 46,-9,-10
dw 43,-12,-9
dw 39,-14,-8
dw 34,-15,-7
dw 30,-14,-6
dw 26,-12,-5
dw 22,-9,-5
dw 20,-5,-4
dw 20,0,-4
dw 20,5,-4
dw 22,9,-5
dw 26,12,-5
dw 30,14,-6
dw 34,15,-7
dw 33,15,-11
dw 38,14,-12
dw 42,12,-14
dw 45,9,-15
dw 47,5,-15
dw 48,0,-15
dw 47,-5,-15
dw 45,-9,-15
dw 42,-12,-14
dw 38,-14,-12
dw 33,-15,-11
dw 29,-14,-9
dw 25,-12,-8
dw 22,-9,-7
dw 20,-5,-6
dw 19,0,-6
dw 20,5,-6
dw 22,9,-7
dw 25,12,-8
dw 29,14,-9
dw 33,15,-11
dw 32,15,-14
dw 36,14,-16
dw 40,12,-18
dw 43,9,-19
dw 45,5,-20
dw 46,0,-20
dw 45,-5,-20
dw 43,-9,-19
dw 40,-12,-18
dw 36,-14,-16
dw 32,-15,-14
dw 28,-14,-12
dw 24,-12,-11
dw 21,-9,-9
dw 19,-5,-8
dw 18,0,-8
dw 19,5,-8
dw 21,9,-9
dw 24,12,-11
dw 28,14,-12
dw 32,15,-14
dw 30,15,-17
dw 34,14,-20
dw 38,12,-22
dw 41,9,-24
dw 43,5,-25
dw 43,0,-25
dw 43,-5,-25
dw 41,-9,-24
dw 38,-12,-22
dw 34,-14,-20
dw 30,-15,-17
dw 26,-14,-15
dw 23,-12,-13
dw 20,-9,-11
dw 18,-5,-10
dw 17,0,-10
dw 18,5,-10
dw 20,9,-11
dw 23,12,-13
dw 26,14,-15
dw 30,15,-18
dw 28,15,-21
dw 32,14,-23
dw 35,12,-26
dw 38,9,-28
dw 40,5,-29
dw 40,0,-29
dw 40,-5,-29
dw 38,-9,-28
dw 35,-12,-26
dw 32,-14,-23
dw 28,-15,-21
dw 25,-14,-18
dw 21,-12,-15
dw 18,-9,-13
dw 17,-5,-12
dw 16,0,-12
dw 17,5,-12
dw 18,9,-13
dw 21,12,-15
dw 25,14,-18
dw 28,15,-21
dw 26,15,-23
dw 29,14,-27
dw 33,12,-29
dw 35,9,-32
dw 37,5,-33
dw 37,0,-33
dw 37,-5,-33
dw 35,-9,-32
dw 33,-12,-29
dw 29,-14,-27
dw 26,-15,-23
dw 23,-14,-20
dw 19,-12,-18
dw 17,-9,-15
dw 15,-5,-14
dw 15,0,-13
dw 15,5,-14
dw 17,9,-15
dw 19,12,-18
dw 23,14,-20
dw 26,15,-23
dw 23,15,-26
dw 27,14,-29
dw 29,12,-33
dw 32,9,-35
dw 33,5,-37
dw 33,0,-37
dw 33,-5,-37
dw 32,-9,-35
dw 29,-12,-33
dw 27,-14,-29
dw 23,-15,-26
dw 20,-14,-23
dw 18,-12,-19
dw 15,-9,-17
dw 14,-5,-15
dw 13,0,-15
dw 14,5,-15
dw 15,9,-17
dw 18,12,-19
dw 20,14,-23
dw 23,15,-26
dw 21,15,-28
dw 23,14,-32
dw 26,12,-35
dw 28,9,-38
dw 29,5,-40
dw 29,0,-40
dw 29,-5,-40
dw 28,-9,-38
dw 26,-12,-35
dw 23,-14,-32
dw 21,-15,-28
dw 18,-14,-25
dw 15,-12,-21
dw 13,-9,-18
dw 12,-5,-17
dw 12,0,-16
dw 12,5,-17
dw 13,9,-18
dw 15,12,-21
dw 18,14,-25
dw 21,15,-28
dw 18,15,-30
dw 20,14,-34
dw 22,12,-38
dw 24,9,-41
dw 25,5,-43
dw 25,0,-43
dw 25,-5,-43
dw 24,-9,-41
dw 22,-12,-38
dw 20,-14,-34
dw 18,-15,-30
dw 15,-14,-26
dw 13,-12,-23
dw 11,-9,-20
dw 10,-5,-18
dw 10,0,-17
dw 10,5,-18
dw 11,9,-20
dw 13,12,-23
dw 15,14,-26
dw 18,15,-30
dw 14,15,-32
dw 16,14,-36
dw 18,12,-40
dw 19,9,-43
dw 20,5,-45
dw 20,0,-46
dw 20,-5,-45
dw 19,-9,-43
dw 18,-12,-40
dw 16,-14,-36
dw 14,-15,-32
dw 12,-14,-28
dw 11,-12,-24
dw 9,-9,-21
dw 8,-5,-19
dw 8,0,-18
dw 8,5,-19
dw 9,9,-21
dw 11,12,-24
dw 12,14,-28
dw 14,15,-32
dw 11,15,-33
dw 12,14,-38
dw 14,12,-42
dw 15,9,-45
dw 15,5,-47
dw 15,0,-48
dw 15,-5,-47
dw 15,-9,-45
dw 14,-12,-42
dw 12,-14,-38
dw 11,-15,-33
dw 9,-14,-29
dw 8,-12,-25
dw 7,-9,-22
dw 6,-5,-20
dw 6,0,-19
dw 6,5,-20
dw 7,9,-22
dw 8,12,-25
dw 9,14,-29
dw 11,15,-33
dw 7,15,-34
dw 8,14,-39
dw 9,12,-43
dw 10,9,-46
dw 10,5,-48
dw 10,0,-49
dw 10,-5,-48
dw 10,-9,-46
dw 9,-12,-43
dw 8,-14,-39
dw 7,-15,-34
dw 6,-14,-30
dw 5,-12,-26
dw 5,-9,-22
dw 4,-5,-20
dw 4,0,-20
dw 4,5,-20
dw 5,9,-22
dw 5,12,-26
dw 6,14,-30
dw 7,15,-34
dw 4,15,-35
dw 4,14,-39
dw 5,12,-44
dw 5,9,-47
dw 5,5,-49
dw 5,0,-50
dw 5,-5,-49
dw 5,-9,-47
dw 5,-12,-44
dw 4,-14,-39
dw 4,-15,-35
dw 3,-14,-30
dw 3,-12,-26
dw 2,-9,-23
dw 2,-5,-21
dw 2,0,-20
dw 2,5,-21
dw 2,9,-23
dw 3,12,-26
dw 3,14,-30
dw 4,15,-35
dw 0,15,-35
dw 0,14,-40
dw 0,12,-44
dw 0,9,-47
dw 0,5,-49
dw 0,0,-50
dw 0,-5,-49
dw 0,-9,-47
dw 0,-12,-44
dw 0,-14,-40
dw 0,-15,-35
dw 0,-14,-30
dw 0,-12,-26
dw 0,-9,-23
dw 0,-5,-21
dw 0,0,-20
dw 0,5,-21
dw 0,9,-23
dw 0,12,-26
dw 0,14,-30
dw 0,15,-35
dw -4,15,-35
dw -4,14,-39
dw -5,12,-44
dw -5,9,-47
dw -5,5,-49
dw -5,0,-50
dw -5,-5,-49
dw -5,-9,-47
dw -5,-12,-44
dw -4,-14,-39
dw -4,-15,-35
dw -3,-14,-30
dw -3,-12,-26
dw -2,-9,-23
dw -2,-5,-21
dw -2,0,-20
dw -2,5,-21
dw -2,9,-23
dw -3,12,-26
dw -3,14,-30
dw -4,15,-35
dw -7,15,-34
dw -8,14,-39
dw -9,12,-43
dw -10,9,-46
dw -10,5,-48
dw -10,0,-49
dw -10,-5,-48
dw -10,-9,-46
dw -9,-12,-43
dw -8,-14,-39
dw -7,-15,-34
dw -6,-14,-30
dw -5,-12,-26
dw -5,-9,-22
dw -4,-5,-20
dw -4,0,-20
dw -4,5,-20
dw -5,9,-22
dw -5,12,-26
dw -6,14,-30
dw -7,15,-34
dw -11,15,-33
dw -12,14,-38
dw -14,12,-42
dw -15,9,-45
dw -15,5,-47
dw -15,0,-48
dw -15,-5,-47
dw -15,-9,-45
dw -14,-12,-42
dw -12,-14,-38
dw -11,-15,-33
dw -9,-14,-29
dw -8,-12,-25
dw -7,-9,-22
dw -6,-5,-20
dw -6,0,-19
dw -6,5,-20
dw -7,9,-22
dw -8,12,-25
dw -9,14,-29
dw -11,15,-33
dw -14,15,-32
dw -16,14,-36
dw -18,12,-40
dw -19,9,-43
dw -20,5,-45
dw -20,0,-46
dw -20,-5,-45
dw -19,-9,-43
dw -18,-12,-40
dw -16,-14,-36
dw -14,-15,-32
dw -12,-14,-28
dw -11,-12,-24
dw -9,-9,-21
dw -8,-5,-19
dw -8,0,-18
dw -8,5,-19
dw -9,9,-21
dw -11,12,-24
dw -12,14,-28
dw -14,15,-32
dw -17,15,-30
dw -20,14,-34
dw -22,12,-38
dw -24,9,-41
dw -25,5,-43
dw -25,0,-43
dw -25,-5,-43
dw -24,-9,-41
dw -22,-12,-38
dw -20,-14,-34
dw -17,-15,-30
dw -15,-14,-26
dw -13,-12,-23
dw -11,-9,-20
dw -10,-5,-18
dw -10,0,-17
dw -10,5,-18
dw -11,9,-20
dw -13,12,-23
dw -15,14,-26
dw -18,15,-30
dw -21,15,-28
dw -23,14,-32
dw -26,12,-35
dw -28,9,-38
dw -29,5,-40
dw -29,0,-40
dw -29,-5,-40
dw -28,-9,-38
dw -26,-12,-35
dw -23,-14,-32
dw -21,-15,-28
dw -18,-14,-25
dw -15,-12,-21
dw -13,-9,-18
dw -12,-5,-17
dw -12,0,-16
dw -12,5,-17
dw -13,9,-18
dw -15,12,-21
dw -18,14,-25
dw -21,15,-28
dw -23,15,-26
dw -27,14,-29
dw -29,12,-33
dw -32,9,-35
dw -33,5,-37
dw -33,0,-37
dw -33,-5,-37
dw -32,-9,-35
dw -29,-12,-33
dw -27,-14,-29
dw -23,-15,-26
dw -20,-14,-23
dw -18,-12,-19
dw -15,-9,-17
dw -14,-5,-15
dw -13,0,-15
dw -14,5,-15
dw -15,9,-17
dw -18,12,-19
dw -20,14,-23
dw -23,15,-26
dw -26,15,-23
dw -29,14,-27
dw -33,12,-29
dw -35,9,-32
dw -37,5,-33
dw -37,0,-33
dw -37,-5,-33
dw -35,-9,-32
dw -33,-12,-29
dw -29,-14,-27
dw -26,-15,-23
dw -23,-14,-20
dw -19,-12,-18
dw -17,-9,-15
dw -15,-5,-14
dw -15,0,-13
dw -15,5,-14
dw -17,9,-15
dw -19,12,-18
dw -23,14,-20
dw -26,15,-23
dw -28,15,-21
dw -32,14,-23
dw -35,12,-26
dw -38,9,-28
dw -40,5,-29
dw -40,0,-29
dw -40,-5,-29
dw -38,-9,-28
dw -35,-12,-26
dw -32,-14,-23
dw -28,-15,-21
dw -25,-14,-18
dw -21,-12,-15
dw -18,-9,-13
dw -17,-5,-12
dw -16,0,-12
dw -17,5,-12
dw -18,9,-13
dw -21,12,-15
dw -25,14,-18
dw -28,15,-21
dw -30,15,-18
dw -34,14,-20
dw -38,12,-22
dw -41,9,-24
dw -43,5,-25
dw -43,0,-25
dw -43,-5,-25
dw -41,-9,-24
dw -38,-12,-22
dw -34,-14,-20
dw -30,-15,-18
dw -26,-14,-15
dw -23,-12,-13
dw -20,-9,-11
dw -18,-5,-10
dw -17,0,-10
dw -18,5,-10
dw -20,9,-11
dw -23,12,-13
dw -26,14,-15
dw -30,15,-18
dw -32,15,-14
dw -36,14,-16
dw -40,12,-18
dw -43,9,-19
dw -45,5,-20
dw -46,0,-20
dw -45,-5,-20
dw -43,-9,-19
dw -40,-12,-18
dw -36,-14,-16
dw -32,-15,-14
dw -28,-14,-12
dw -24,-12,-11
dw -21,-9,-9
dw -19,-5,-8
dw -18,0,-8
dw -19,5,-8
dw -21,9,-9
dw -24,12,-11
dw -28,14,-12
dw -32,15,-14
dw -33,15,-11
dw -38,14,-12
dw -42,12,-14
dw -45,9,-15
dw -47,5,-15
dw -48,0,-15
dw -47,-5,-15
dw -45,-9,-15
dw -42,-12,-14
dw -38,-14,-12
dw -33,-15,-11
dw -29,-14,-9
dw -25,-12,-8
dw -22,-9,-7
dw -20,-5,-6
dw -19,0,-6
dw -20,5,-6
dw -22,9,-7
dw -25,12,-8
dw -29,14,-9
dw -33,15,-11
dw -34,15,-7
dw -39,14,-8
dw -43,12,-9
dw -46,9,-10
dw -48,5,-10
dw -49,0,-10
dw -48,-5,-10
dw -46,-9,-10
dw -43,-12,-9
dw -39,-14,-8
dw -34,-15,-7
dw -30,-14,-6
dw -26,-12,-5
dw -22,-9,-5
dw -20,-5,-4
dw -20,0,-4
dw -20,5,-4
dw -22,9,-5
dw -26,12,-5
dw -30,14,-6
dw -34,15,-7
dw -35,15,-4
dw -39,14,-4
dw -44,12,-5
dw -47,9,-5
dw -49,5,-5
dw -50,0,-5
dw -49,-5,-5
dw -47,-9,-5
dw -44,-12,-5
dw -39,-14,-4
dw -35,-15,-4
dw -30,-14,-3
dw -26,-12,-3
dw -23,-9,-2
dw -21,-5,-2
dw -20,0,-2
dw -21,5,-2
dw -23,9,-2
dw -26,12,-3
dw -30,14,-3
dw -35,15,-4
dw -35,15,0
dw -40,14,0
dw -44,12,0
dw -47,9,0
dw -49,5,0
dw -50,0,0
dw -49,-5,0
dw -47,-9,0
dw -44,-12,0
dw -40,-14,0
dw -35,-15,0
dw -30,-14,0
dw -26,-12,0
dw -23,-9,0
dw -21,-5,0
dw -20,0,0
dw -21,5,0
dw -23,9,0
dw -26,12,0
dw -30,14,0
dw -35,15,0
dw -35,15,4
dw -39,14,4
dw -44,12,5
dw -47,9,5
dw -49,5,5
dw -50,0,5
dw -49,-5,5
dw -47,-9,5
dw -44,-12,5
dw -39,-14,4
dw -35,-15,4
dw -30,-14,3
dw -26,-12,3
dw -23,-9,2
dw -21,-5,2
dw -20,0,2
dw -21,5,2
dw -23,9,2
dw -26,12,3
dw -30,14,3
dw -35,15,4
dw -34,15,7
dw -39,14,8
dw -43,12,9
dw -46,9,10
dw -48,5,10
dw -49,0,10
dw -48,-5,10
dw -46,-9,10
dw -43,-12,9
dw -39,-14,8
dw -34,-15,7
dw -30,-14,6
dw -26,-12,5
dw -22,-9,5
dw -20,-5,4
dw -20,0,4
dw -20,5,4
dw -22,9,5
dw -26,12,5
dw -30,14,6
dw -34,15,7
dw -33,15,11
dw -38,14,12
dw -42,12,14
dw -45,9,15
dw -47,5,15
dw -48,0,15
dw -47,-5,15
dw -45,-9,15
dw -42,-12,14
dw -38,-14,12
dw -33,-15,11
dw -29,-14,9
dw -25,-12,8
dw -22,-9,7
dw -20,-5,6
dw -19,0,6
dw -20,5,6
dw -22,9,7
dw -25,12,8
dw -29,14,9
dw -33,15,11
dw -32,15,14
dw -36,14,16
dw -40,12,18
dw -43,9,19
dw -45,5,20
dw -46,0,20
dw -45,-5,20
dw -43,-9,19
dw -40,-12,18
dw -36,-14,16
dw -32,-15,14
dw -28,-14,12
dw -24,-12,11
dw -21,-9,9
dw -19,-5,8
dw -18,0,8
dw -19,5,8
dw -21,9,9
dw -24,12,11
dw -28,14,12
dw -32,15,14
dw -30,15,18
dw -34,14,20
dw -38,12,22
dw -41,9,24
dw -43,5,25
dw -43,0,25
dw -43,-5,25
dw -41,-9,24
dw -38,-12,22
dw -34,-14,20
dw -30,-15,18
dw -26,-14,15
dw -23,-12,13
dw -20,-9,11
dw -18,-5,10
dw -17,0,10
dw -18,5,10
dw -20,9,11
dw -23,12,13
dw -26,14,15
dw -30,15,18
dw -28,15,21
dw -32,14,23
dw -35,12,26
dw -38,9,28
dw -40,5,29
dw -40,0,29
dw -40,-5,29
dw -38,-9,28
dw -35,-12,26
dw -32,-14,23
dw -28,-15,21
dw -25,-14,18
dw -21,-12,15
dw -18,-9,13
dw -17,-5,12
dw -16,0,12
dw -17,5,12
dw -18,9,13
dw -21,12,15
dw -25,14,18
dw -28,15,21
dw -26,15,23
dw -29,14,27
dw -33,12,29
dw -35,9,32
dw -37,5,33
dw -37,0,33
dw -37,-5,33
dw -35,-9,32
dw -33,-12,29
dw -29,-14,27
dw -26,-15,23
dw -23,-14,20
dw -19,-12,18
dw -17,-9,15
dw -15,-5,14
dw -15,0,13
dw -15,5,14
dw -17,9,15
dw -19,12,18
dw -23,14,20
dw -26,15,23
dw -23,15,26
dw -27,14,29
dw -29,12,33
dw -32,9,35
dw -33,5,37
dw -33,0,37
dw -33,-5,37
dw -32,-9,35
dw -29,-12,33
dw -27,-14,29
dw -23,-15,26
dw -20,-14,23
dw -18,-12,19
dw -15,-9,17
dw -14,-5,15
dw -13,0,15
dw -14,5,15
dw -15,9,17
dw -18,12,19
dw -20,14,23
dw -23,15,26
dw -21,15,28
dw -23,14,32
dw -26,12,35
dw -28,9,38
dw -29,5,40
dw -29,0,40
dw -29,-5,40
dw -28,-9,38
dw -26,-12,35
dw -23,-14,32
dw -21,-15,28
dw -18,-14,25
dw -15,-12,21
dw -13,-9,18
dw -12,-5,17
dw -12,0,16
dw -12,5,17
dw -13,9,18
dw -15,12,21
dw -18,14,25
dw -21,15,28
dw -18,15,30
dw -20,14,34
dw -22,12,38
dw -24,9,41
dw -25,5,43
dw -25,0,43
dw -25,-5,43
dw -24,-9,41
dw -22,-12,38
dw -20,-14,34
dw -18,-15,30
dw -15,-14,26
dw -13,-12,23
dw -11,-9,20
dw -10,-5,18
dw -10,0,17
dw -10,5,18
dw -11,9,20
dw -13,12,23
dw -15,14,26
dw -18,15,30
dw -14,15,32
dw -16,14,36
dw -18,12,40
dw -19,9,43
dw -20,5,45
dw -20,0,46
dw -20,-5,45
dw -19,-9,43
dw -18,-12,40
dw -16,-14,36
dw -14,-15,32
dw -12,-14,28
dw -11,-12,24
dw -9,-9,21
dw -8,-5,19
dw -8,0,18
dw -8,5,19
dw -9,9,21
dw -11,12,24
dw -12,14,28
dw -14,15,32
dw -11,15,33
dw -12,14,38
dw -14,12,42
dw -15,9,45
dw -15,5,47
dw -15,0,48
dw -15,-5,47
dw -15,-9,45
dw -14,-12,42
dw -12,-14,38
dw -11,-15,33
dw -9,-14,29
dw -8,-12,25
dw -7,-9,22
dw -6,-5,20
dw -6,0,19
dw -6,5,20
dw -7,9,22
dw -8,12,25
dw -9,14,29
dw -11,15,33
dw -7,15,34
dw -8,14,39
dw -9,12,43
dw -10,9,46
dw -10,5,48
dw -10,0,49
dw -10,-5,48
dw -10,-9,46
dw -9,-12,43
dw -8,-14,39
dw -7,-15,34
dw -6,-14,30
dw -5,-12,26
dw -5,-9,22
dw -4,-5,20
dw -4,0,20
dw -4,5,20
dw -5,9,22
dw -5,12,26
dw -6,14,30
dw -7,15,34
dw -4,15,35
dw -4,14,39
dw -5,12,44
dw -5,9,47
dw -5,5,49
dw -5,0,50
dw -5,-5,49
dw -5,-9,47
dw -5,-12,44
dw -4,-14,39
dw -4,-15,35
dw -3,-14,30
dw -3,-12,26
dw -2,-9,23
dw -2,-5,21
dw -2,0,20
dw -2,5,21
dw -2,9,23
dw -3,12,26
dw -3,14,30
dw -4,15,35
dw 0,15,35
dw 0,14,40
dw 0,12,44
dw 0,9,47
dw 0,5,49
dw 0,0,50
dw 0,-5,49
dw 0,-9,47
dw 0,-12,44
dw 0,-14,40
dw 0,-15,35
dw 0,-14,30
dw 0,-12,26
dw 0,-9,23
dw 0,-5,21
dw 0,0,20
dw 0,5,21
dw 0,9,23
dw 0,12,26
dw 0,14,30
dw 0,15,35
dw 4,15,35
dw 4,14,39
dw 5,12,44
dw 5,9,47
dw 5,5,49
dw 5,0,50
dw 5,-5,49
dw 5,-9,47
dw 5,-12,44
dw 4,-14,39
dw 4,-15,35
dw 3,-14,30
dw 3,-12,26
dw 2,-9,23
dw 2,-5,21
dw 2,0,20
dw 2,5,21
dw 2,9,23
dw 3,12,26
dw 3,14,30
dw 4,15,35
dw 7,15,34
dw 8,14,39
dw 9,12,43
dw 10,9,46
dw 10,5,48
dw 10,0,49
dw 10,-5,48
dw 10,-9,46
dw 9,-12,43
dw 8,-14,39
dw 7,-15,34
dw 6,-14,30
dw 5,-12,26
dw 5,-9,22
dw 4,-5,20
dw 4,0,20
dw 4,5,20
dw 5,9,22
dw 5,12,26
dw 6,14,30
dw 7,15,34
dw 11,15,33
dw 12,14,38
dw 14,12,42
dw 15,9,45
dw 15,5,47
dw 15,0,48
dw 15,-5,47
dw 15,-9,45
dw 14,-12,42
dw 12,-14,38
dw 11,-15,33
dw 9,-14,29
dw 8,-12,25
dw 7,-9,22
dw 6,-5,20
dw 6,0,19
dw 6,5,20
dw 7,9,22
dw 8,12,25
dw 9,14,29
dw 11,15,33
dw 14,15,32
dw 16,14,36
dw 18,12,40
dw 19,9,43
dw 20,5,45
dw 20,0,46
dw 20,-5,45
dw 19,-9,43
dw 18,-12,40
dw 16,-14,36
dw 14,-15,32
dw 12,-14,28
dw 11,-12,24
dw 9,-9,21
dw 8,-5,19
dw 8,0,18
dw 8,5,19
dw 9,9,21
dw 11,12,24
dw 12,14,28
dw 14,15,32
dw 17,15,30
dw 20,14,34
dw 22,12,38
dw 24,9,41
dw 25,5,43
dw 25,0,43
dw 25,-5,43
dw 24,-9,41
dw 22,-12,38
dw 20,-14,34
dw 17,-15,30
dw 15,-14,26
dw 13,-12,23
dw 11,-9,20
dw 10,-5,18
dw 10,0,17
dw 10,5,18
dw 11,9,20
dw 13,12,23
dw 15,14,26
dw 17,15,30
dw 21,15,28
dw 23,14,32
dw 26,12,35
dw 28,9,38
dw 29,5,40
dw 29,0,40
dw 29,-5,40
dw 28,-9,38
dw 26,-12,35
dw 23,-14,32
dw 21,-15,28
dw 18,-14,25
dw 15,-12,21
dw 13,-9,18
dw 12,-5,17
dw 12,0,16
dw 12,5,17
dw 13,9,18
dw 15,12,21
dw 18,14,25
dw 21,15,28
dw 23,15,26
dw 27,14,29
dw 29,12,33
dw 32,9,35
dw 33,5,37
dw 33,0,37
dw 33,-5,37
dw 32,-9,35
dw 29,-12,33
dw 27,-14,29
dw 23,-15,26
dw 20,-14,23
dw 18,-12,19
dw 15,-9,17
dw 14,-5,15
dw 13,0,15
dw 14,5,15
dw 15,9,17
dw 18,12,19
dw 20,14,23
dw 23,15,26
dw 26,15,23
dw 29,14,27
dw 33,12,29
dw 35,9,32
dw 37,5,33
dw 37,0,33
dw 37,-5,33
dw 35,-9,32
dw 33,-12,29
dw 29,-14,27
dw 26,-15,23
dw 23,-14,20
dw 19,-12,18
dw 17,-9,15
dw 15,-5,14
dw 15,0,13
dw 15,5,14
dw 17,9,15
dw 19,12,18
dw 23,14,20
dw 26,15,23
dw 28,15,21
dw 32,14,23
dw 35,12,26
dw 38,9,28
dw 40,5,29
dw 40,0,29
dw 40,-5,29
dw 38,-9,28
dw 35,-12,26
dw 32,-14,23
dw 28,-15,21
dw 25,-14,18
dw 21,-12,15
dw 18,-9,13
dw 17,-5,12
dw 16,0,12
dw 17,5,12
dw 18,9,13
dw 21,12,15
dw 25,14,18
dw 28,15,21
dw 30,15,18
dw 34,14,20
dw 38,12,22
dw 41,9,24
dw 43,5,25
dw 43,0,25
dw 43,-5,25
dw 41,-9,24
dw 38,-12,22
dw 34,-14,20
dw 30,-15,18
dw 26,-14,15
dw 23,-12,13
dw 20,-9,11
dw 18,-5,10
dw 17,0,10
dw 18,5,10
dw 20,9,11
dw 23,12,13
dw 26,14,15
dw 30,15,18
dw 32,15,14
dw 36,14,16
dw 40,12,18
dw 43,9,19
dw 45,5,20
dw 46,0,20
dw 45,-5,20
dw 43,-9,19
dw 40,-12,18
dw 36,-14,16
dw 32,-15,14
dw 28,-14,12
dw 24,-12,11
dw 21,-9,9
dw 19,-5,8
dw 18,0,8
dw 19,5,8
dw 21,9,9
dw 24,12,11
dw 28,14,12
dw 32,15,14
dw 33,15,11
dw 38,14,12
dw 42,12,14
dw 45,9,15
dw 47,5,15
dw 48,0,15
dw 47,-5,15
dw 45,-9,15
dw 42,-12,14
dw 38,-14,12
dw 33,-15,11
dw 29,-14,9
dw 25,-12,8
dw 22,-9,7
dw 20,-5,6
dw 19,0,6
dw 20,5,6
dw 22,9,7
dw 25,12,8
dw 29,14,9
dw 33,15,11
dw 34,15,7
dw 39,14,8
dw 43,12,9
dw 46,9,10
dw 48,5,10
dw 49,0,10
dw 48,-5,10
dw 46,-9,10
dw 43,-12,9
dw 39,-14,8
dw 34,-15,7
dw 30,-14,6
dw 26,-12,5
dw 22,-9,5
dw 20,-5,4
dw 20,0,4
dw 20,5,4
dw 22,9,5
dw 26,12,5
dw 30,14,6
dw 34,15,7
dw 35,15,4
dw 39,14,4
dw 44,12,5
dw 47,9,5
dw 49,5,5
dw 50,0,5
dw 49,-5,5
dw 47,-9,5
dw 44,-12,5
dw 39,-14,4
dw 35,-15,4
dw 30,-14,3
dw 26,-12,3
dw 23,-9,2
dw 21,-5,2
dw 20,0,2
dw 21,5,2
dw 23,9,2
dw 26,12,3
dw 30,14,3
dw 35,15,4
dw 35,15,0
dw 40,14,0
dw 44,12,0
dw 47,9,0
dw 49,5,0
dw 50,0,0
dw 49,-5,0
dw 47,-9,0
dw 44,-12,0
dw 40,-14,0
dw 35,-15,0
dw 30,-14,0
dw 26,-12,0
dw 23,-9,0
dw 21,-5,0
dw 20,0,0
dw 21,5,0
dw 23,9,0
dw 26,12,0
dw 30,14,0
dw 35,15,0
